   2.0000000e+00  -5.0464209e-01  -3.7139929e-01   2.2619290e+00   1.8373583e+00   3.3597609e-02  -7.5673750e-02   9.6678079e-01   1.2978368e-01  -2.9676937e-01   1.4189795e+00
   2.0000000e+00   4.1940803e-01   7.2384758e-01  -1.4364338e+00   2.6420028e+00  -4.2678990e-01  -6.8734150e-01   5.7031949e-01  -6.3441457e-01  -1.0712552e+00  -3.5677588e-01
   1.0000000e+00   1.0804304e+00   2.7364115e-01  -8.2282166e-01   8.7022190e-02  -9.0835926e-01  -2.4510149e+00   6.8365171e-01   5.4453902e-01   3.4460498e-01  -1.2432415e+00
   2.0000000e+00  -4.3838720e-02   1.1352869e+00   1.8932792e+00  -1.7169573e+00  -1.4921956e+00   5.0649766e-01  -1.2283735e+00  -4.1285144e-01  -1.1732541e+00  -8.6287937e-02
   2.0000000e+00   5.7056311e-02   7.5928957e-02   1.7865579e+00   4.2413530e-01  -3.3586638e-01  -5.0591350e-02  -7.0282439e-02   8.4710723e-01   4.2196812e-01   2.6556127e-01
   2.0000000e+00  -8.7389479e-01  -6.3421914e-01   6.8029412e-02   7.3765698e-01  -8.5808214e-01  -1.0503646e+00   1.8483504e+00  -1.6026405e-01  -1.6238744e+00  -5.5437502e-01
   2.0000000e+00   4.4588495e-01   4.3273840e-01  -1.0341189e+00  -9.7646595e-01  -2.1701870e-02   8.9108715e-01   1.0196427e+00  -1.5673024e-01   2.8028848e-01  -2.9029886e-01
   2.0000000e+00   7.4990707e-01  -4.2099818e-01  -1.5940382e+00   9.9133011e-01  -9.8207210e-01   1.1788595e+00  -2.3222619e-03  -7.4110881e-01   2.2496449e-01  -1.0512734e+00
   2.0000000e+00   1.9513493e+00  -9.9570860e-01   4.2105530e-01  -6.1176145e-01  -3.3622783e-01  -4.3615132e-02  -4.2219220e-02   3.6294787e-01   1.0412331e+00  -1.0892560e+00
   2.0000000e+00   3.2633215e-01   4.1024508e-01   2.0601233e+00  -6.5683552e-01   4.5430835e-01   7.4606674e-01  -2.3004288e-01   1.8801237e+00   1.0205219e+00   1.2419566e+00
   2.0000000e+00   9.2004966e-01  -4.3496702e-01   3.7984684e-02  -6.4866260e-01  -2.4585125e+00  -6.6804626e-01  -5.2224134e-01   8.2290430e-01  -9.6738977e-01   9.2838022e-02
   2.0000000e+00  -1.4311722e+00  -1.1599358e+00   1.3785932e-01   5.0931972e-01   1.2512876e+00   1.6497023e+00  -5.1316476e-01  -5.1703284e-01   2.4326916e-02   1.0005953e-01
   2.0000000e+00  -5.4077460e-01   8.6858441e-02   5.4495213e-02  -5.5385576e-01   1.4550135e+00  -3.2571279e-01   4.2855846e-01   2.4342745e+00   7.9271349e-01  -2.0892061e-01
   2.0000000e+00   3.8600670e-01  -4.1088511e-01  -1.0254518e+00   1.6404879e+00   3.3067991e-01   6.4333074e-01  -5.6347335e-02   1.5166098e+00  -9.9860967e-01  -8.1840133e-01
   2.0000000e+00  -1.6210319e+00  -1.3959997e+00  -6.1422172e-03   2.0659872e+00   9.1756288e-01  -5.6140570e-01  -1.4934538e-01   1.2733456e+00   2.2510331e-01  -1.5827522e+00
   1.0000000e+00   5.3112946e-01  -4.6673532e-01   5.4847408e-01   8.8158944e-01  -2.4537683e+00  -6.3020674e-01   5.2784270e-01   1.1123350e-02   6.2214385e-01   4.8036091e-01
   1.0000000e+00   1.0292136e+00  -8.9870449e-01   7.1792911e-01  -1.8976266e-01  -5.0644699e-02   2.4185400e-01   6.1641941e-01  -5.7334206e-01   3.8793198e-01   3.7240977e-01
   2.0000000e+00  -1.4586797e+00  -4.9529698e-01  -2.8259724e-02  -9.1435593e-01  -9.6008051e-01   9.5104782e-02  -3.5670611e-01   6.8583476e-01   1.4287317e+00  -4.7201965e-01
   2.0000000e+00   1.8421785e-01  -6.7503034e-01  -1.6984730e+00  -2.5783045e-01   3.0820112e-01  -9.9282074e-01  -1.2112741e+00  -2.3710426e-01   1.7150863e+00   1.8703899e-01
   2.0000000e+00  -2.5479307e-01  -5.8963745e-01   7.8661654e-01  -1.1751181e+00   1.5608970e-01   2.2946367e+00  -1.3962086e-01   7.0035441e-01   2.2333974e-01   1.3047983e+00
   2.0000000e+00  -1.5984880e+00   1.4033035e+00   3.2809323e-01   6.6530757e-01  -6.3770729e-01   2.5147332e+00   1.0679241e+00   9.5128340e-01  -1.2131785e+00   1.9287258e-01
   2.0000000e+00  -8.2780927e-01   4.3343833e-01   1.4992332e+00  -3.6234640e-01  -7.3265281e-01  -9.0809533e-01  -3.5870415e-01   2.5962176e-01  -2.0917792e+00   2.4034250e-01
   2.0000000e+00  -2.4842029e-01   7.6030042e-01  -9.4910814e-01   2.2078716e-01   1.1962457e+00  -1.0336208e+00   1.7892980e+00   6.2736148e-01   2.8118740e-01  -1.0580586e+00
   2.0000000e+00  -1.5860553e-01   7.8185588e-01   6.3373578e-01  -8.5882123e-01   8.0152275e-01   8.3392326e-01  -1.9939053e-01   1.2505552e+00  -7.3172187e-01  -1.9330414e+00
   2.0000000e+00   1.2905927e+00   4.9217881e-01   1.0593391e+00   5.6732756e-01  -1.4942339e-02  -8.7807212e-01   5.8549608e-01   2.7237984e-01  -1.4144587e+00   6.8075253e-01
   2.0000000e+00   7.8025411e-02   1.0691481e+00  -1.0685499e+00   1.1829377e-01   1.1291714e+00  -5.3315331e-01   7.8342055e-01  -1.6475898e-01  -1.1410647e+00   6.3527483e-01
   2.0000000e+00   6.6946862e-01   1.5781520e-01  -9.2675559e-02  -1.0789822e+00  -5.6102908e-01   5.6221153e-01   9.5577909e-01  -2.5670703e+00   1.0538686e-01   6.2882580e-01
   1.0000000e+00   1.4787310e-01  -2.8247469e-01   4.9671754e-01  -7.4523714e-01   8.7624799e-01   5.3193581e-01   4.4558932e-01  -1.1721960e+00  -3.5321642e-01  -1.0820580e+00
   2.0000000e+00  -5.7503251e-01  -2.8045179e-01  -5.5003740e-01  -7.8087412e-01  -6.1380336e-01   1.4725154e+00   2.3005741e+00  -1.0821132e+00   4.3421544e-01  -3.3674238e-01
   2.0000000e+00  -5.3769417e-02  -1.0972056e+00  -8.7594507e-02  -1.1832165e+00   1.4075224e+00   1.1904908e+00  -1.7584730e-01   1.0914135e-01   1.3938263e-01   2.6668098e-01
   2.0000000e+00   1.8969688e+00   4.2528214e-01   5.5187115e-01  -2.6198441e+00  -1.1096530e+00   1.4822881e+00  -5.0515870e-01  -1.1380896e+00  -5.6388377e-01   1.7519488e-01
   1.0000000e+00  -1.0306289e-01  -5.4034390e-01   3.1583285e-01  -3.2164860e-01  -4.2282954e-01   1.0780616e+00   3.7257252e-01   1.0370827e+00  -3.1969834e-02   4.8099477e-01
   2.0000000e+00   3.7304738e-01  -7.0021175e-01  -1.2304757e+00  -4.9752614e-01   1.2481637e-01  -8.3445007e-01  -4.7827543e-01  -9.7937960e-01   4.5006494e-01  -8.8024100e-01
   1.0000000e+00  -1.6730996e-01  -1.0607087e+00   6.2933878e-01   2.3787977e-02  -9.2625236e-01   1.3468942e-01   8.3801392e-02   2.2561004e-01   2.3486630e-01   4.0137727e-01
   2.0000000e+00  -7.5487912e-01  -3.2718985e-01   1.3273126e+00  -6.1834608e-01  -1.1945971e+00   1.8971876e-01  -2.1061071e-01  -1.5753981e+00   4.1259416e-01  -8.1768259e-01
   2.0000000e+00  -1.8814867e+00   8.2967465e-01  -6.9958989e-01  -2.3760944e+00  -1.0936446e+00   1.2760179e-01   1.5714093e+00   1.1481677e+00  -3.8258738e-01  -1.3355731e+00
   2.0000000e+00   1.2779418e+00  -1.8594089e+00  -1.3296634e+00  -2.5376851e-01  -3.1447798e-01   1.6722286e+00  -2.8380476e-01   4.5595111e-01   1.8694636e+00   1.1473461e-01
   2.0000000e+00   1.2863208e+00  -7.1154342e-01  -9.4508669e-01   1.2729699e+00  -1.3380593e+00   5.4893828e-01  -1.6676426e-01   1.2784139e+00   6.0715252e-01   5.8675437e-01
   2.0000000e+00  -1.2574286e+00  -1.3208849e+00   5.5559528e-01   1.4220550e-01   1.7332301e-01  -1.3811005e+00  -4.6092121e-01   1.2425109e+00   2.3033961e-02   6.3133713e-01
   2.0000000e+00  -7.0499692e-01   2.3311115e+00   2.0822760e+00   1.0914646e-01  -2.5373138e-01  -1.7675018e+00   1.1492580e+00  -1.6811262e+00  -5.9931070e-01   9.2330329e-01
   1.0000000e+00   1.0870137e+00  -2.8137856e-01   4.3923739e-01   1.2876363e+00   9.0565766e-01   4.8364308e-01   2.5350123e-01   1.9099945e+00   6.6570604e-02   3.0709129e-01
   2.0000000e+00  -1.5090366e+00  -6.8186190e-01   1.4134544e+00   9.7137287e-03   1.0242697e+00   2.5213934e-01   5.9897253e-02   3.6264516e-01   1.7729773e+00  -3.9238820e-01
   2.0000000e+00   1.3494251e+00  -2.7214996e-01  -4.1031317e-01  -5.5581977e-01  -2.8649975e-01   1.5503792e+00  -1.7825705e-02  -3.0792101e-01  -8.4581708e-01  -7.7948803e-01
   2.0000000e+00  -1.2858521e+00   6.3292880e-01   1.3429902e+00   1.6928559e-01  -1.5006605e+00  -3.8328502e-01   1.1906123e+00   9.2332588e-01   9.7663486e-01   3.4495698e-01
   2.0000000e+00   6.0697907e-01   1.5029470e+00   1.7441063e+00  -4.0249440e-01   4.9808026e-01   1.2632419e+00  -2.5724533e-02   1.9269979e+00   3.5137539e-01  -3.1695303e+00
   2.0000000e+00   1.7143656e+00  -9.4410470e-01  -1.3886342e-01   5.5778979e-01  -4.9839562e-01  -6.0438259e-01  -8.1228506e-01  -9.1817766e-02   1.8950791e+00  -6.6690550e-01
   2.0000000e+00  -1.6693883e+00  -6.4419900e-01  -5.7630445e-01   3.1599210e-01   4.3377993e-01   2.6744451e-01  -1.2956582e+00   7.6954496e-01  -8.3597364e-01   9.4250303e-01
   2.0000000e+00   3.0208969e-01   5.7563263e-01  -1.6789704e+00  -4.8820602e-01   1.3239166e-01  -8.4287313e-01   1.3545482e+00   6.3890719e-01   2.4349962e-01  -1.5042664e+00
   2.0000000e+00   1.9422756e+00  -3.4681122e-01   7.0689399e-01  -1.4097265e+00   5.4168921e-01   1.7371370e+00   6.0516668e-01   3.7158380e-01   3.6461867e-01   7.4867463e-01
   2.0000000e+00   3.6904961e-01   4.6273942e-01   1.0351355e+00   9.0829875e-01  -1.0070906e+00   5.2154872e-01  -1.1172837e+00   3.8137616e-01   1.9878013e-01  -3.7385352e-01
   1.0000000e+00  -4.7818864e-01  -9.4978211e-01  -2.0009269e+00  -7.0978693e-02  -3.9535251e-01   2.4262859e-01   4.9360086e-02  -3.6769701e-01   5.6620661e-01   1.1252920e+00
   2.0000000e+00  -1.1673990e+00  -7.5745474e-01   1.4306528e+00   5.9196303e-01   1.4058504e+00  -1.5699759e+00  -1.5226372e+00  -9.5000295e-01  -2.2560877e-01  -5.7177114e-01
   1.0000000e+00  -2.4146795e-01  -2.3473220e+00   3.6403556e-01  -4.4149467e-02  -1.2090407e+00  -1.3933097e+00   7.5802506e-01   7.2607881e-01   2.4843269e-01   9.5323108e-01
   2.0000000e+00  -1.4722053e-01   7.6401128e-01  -6.9351888e-01  -1.4428199e+00  -5.2330661e-01  -4.5528145e-01   5.7023140e-01   4.6225572e-01  -1.3875601e+00   1.3571572e-01
   2.0000000e+00  -1.1490839e+00  -1.6086060e+00  -6.0149925e-01  -1.5429131e+00   7.8758794e-01  -1.7537199e-01  -1.2918648e+00  -5.2346252e-01   1.6225038e-01  -1.5427512e+00
   2.0000000e+00   1.0368800e+00   1.4074725e+00  -3.7517366e-01   6.1147445e-01  -7.7127973e-01   5.7648383e-01  -1.2738096e+00   6.1846198e-01  -2.2309468e-01  -1.0415945e+00
   1.0000000e+00  -5.5657198e-01   5.0317152e-01  -1.2627251e+00  -5.3722029e-01  -8.5946913e-01   6.0083492e-01   1.1515683e-01   1.0151324e+00   3.8860446e-01   9.1095770e-01
   2.0000000e+00   5.2129610e-01   9.0145242e-01  -5.2416744e-01   1.0282265e+00   2.9199325e-01  -1.1016905e+00   1.0607824e+00   5.4137127e-01   2.1468088e+00   7.1232554e-01
   2.0000000e+00   9.7437660e-01   2.6815146e-01   3.2324264e-01  -1.2616675e-03   8.1260383e-01   4.6722756e-01   2.6027201e+00  -1.5003636e-03  -6.8263617e-01   4.8740986e-01
   2.0000000e+00   1.9606410e+00  -8.2389978e-01   3.3685377e-01  -5.0897532e-01  -1.6665887e-01  -8.7230996e-02  -7.3204446e-01  -1.2296794e-01  -8.5880114e-01   4.9142844e-01
   2.0000000e+00  -9.2520128e-02  -1.1683699e+00   1.6109709e+00  -2.5392427e-01   4.6116940e-01   1.4209349e+00   3.5250214e-01   2.2699816e-01  -2.1323749e+00  -1.7866366e+00
   1.0000000e+00  -1.3500663e-01  -1.4654954e+00  -8.3924404e-01  -1.0448478e+00  -6.1225126e-01   6.0855830e-01   3.4806164e-01  -7.7576874e-01   6.4788075e-01   2.1567269e+00
   1.0000000e+00  -4.7753026e-01   1.6846842e+00  -6.3556922e-01   5.1625248e-03   1.3423892e+00   3.1352278e-01   5.6820492e-01   2.3975964e-01   4.2554133e-01  -1.2475855e+00
   2.0000000e+00  -1.4136475e+00   7.4825601e-01  -1.2545585e+00  -5.6287760e-01  -1.1496503e+00   2.1238559e+00   1.1902032e+00  -8.9171845e-01   7.2779731e-02   5.5565325e-01
   1.0000000e+00   2.2807809e-01  -7.2754568e-02  -1.5560745e+00  -1.8393726e+00   4.2293317e-02  -1.1233914e+00   2.2555099e-01   1.6338296e-01  -3.7334504e-01   9.1740964e-01
   2.0000000e+00   8.6791079e-01  -3.6587702e-01   2.3850454e+00   4.2300453e-01  -1.1469101e+00  -8.6123876e-01  -1.3879831e-01   1.9389511e-01  -4.5341109e-01   2.1027295e+00
   2.0000000e+00  -1.5156193e+00  -6.9909085e-02  -8.1971934e-01  -1.2746381e+00   1.6711898e+00  -9.2395357e-01   5.2099194e-01   1.8436075e+00   1.8634646e+00   2.3298526e+00
   2.0000000e+00  -7.6373105e-01  -2.3240294e+00  -1.2629638e+00   1.1231228e+00   9.5771678e-01  -1.0525524e+00  -4.1582305e-01  -4.7962802e-01  -6.0066906e-01   1.6219691e+00
   2.0000000e+00  -9.8615772e-01  -3.0643948e-01  -5.4703936e-01   1.2524356e+00  -1.6456962e+00   2.3807441e-01  -9.5622918e-01  -2.4859429e-01  -2.2654334e-01  -1.0521780e+00
   2.0000000e+00   6.1151447e-01   2.8130376e-01  -3.0044930e+00  -1.0343719e+00   1.3611066e+00  -2.2380614e+00   1.7846983e+00   2.7399226e-01  -8.7824680e-01  -6.3961174e-02
   1.0000000e+00  -1.2677826e-01   2.5043824e-01  -5.6612510e-01   1.3685377e+00   1.0524022e+00   3.6185808e-01   2.7602279e-01  -1.4774120e+00  -3.4420607e-01   8.7216369e-01
   2.0000000e+00  -1.9093506e-01   2.1583695e-01  -2.1580965e+00  -9.3794308e-01   1.4766740e+00   6.7716275e-01   3.4836793e-02   1.4448992e-01  -1.2404426e+00  -2.7414322e+00
   2.0000000e+00   7.4393932e-01  -6.2400804e-01  -3.7827863e-02   3.3199162e-01   8.8009519e-01  -3.6167657e-01  -3.6769438e-01  -3.7348558e-01  -1.8033597e+00  -2.7206331e-01
   1.0000000e+00   1.1713751e-01  -3.3674164e-01  -2.3345330e-01  -1.0933605e+00   2.2555636e+00  -1.8050567e+00   5.1746582e-01   2.4776414e-01   3.0256996e-01  -3.9291031e-01
   2.0000000e+00  -1.3558670e+00  -1.9812614e-01   2.2781556e+00  -5.2298740e-01  -5.6849408e-01   2.3159659e+00  -1.3762204e+00  -6.2648768e-01   8.4257232e-01  -3.9689499e-02
   2.0000000e+00  -1.8165747e+00   1.1692909e+00  -2.6304099e-01  -8.1612339e-01   6.6747785e-01   2.6555327e-01   7.2306326e-01  -7.7029807e-01  -1.7891726e+00  -3.8246389e-02
   2.0000000e+00   1.9191530e+00   1.0509817e-01   2.9958368e-01  -4.0385223e-01  -8.4981628e-01   1.6166649e-01   1.3648116e+00   1.1710609e+00   9.7992442e-01  -1.4922329e+00
   2.0000000e+00  -1.1657050e+00  -9.6560688e-01   7.7434818e-01  -7.4919599e-01   7.0876349e-01   4.3410803e-01  -1.1064588e+00   5.8458650e-01  -2.4634153e-02  -5.3608770e-02
   1.0000000e+00   1.2226770e+00  -4.7482566e-01   5.0894749e-01  -1.0093840e+00  -2.0551423e+00   5.8190407e-02   5.5221500e-01  -4.5985961e-01   3.8042381e-02  -2.1984528e-02
   2.0000000e+00  -2.9210885e-01  -8.7163480e-01  -9.7276958e-01   1.6912881e+00  -1.1542605e+00   3.3373089e-01  -2.6923658e-01   9.2853945e-02   3.2973772e-01   1.2557506e+00
   2.0000000e+00   4.0110481e-01   1.3058970e+00  -6.6788468e-01  -3.3742414e-01   5.8195835e-01   9.7496641e-01  -7.8164594e-01  -1.2757374e-01   2.4199813e-01  -3.0627197e-01
   2.0000000e+00   1.4192308e-02   6.5421704e-01  -1.4146145e+00  -2.0154933e-01  -5.2318105e-01  -1.4848218e+00   1.0324968e-01  -1.8048857e+00   1.1291634e+00  -2.6390010e-01
   2.0000000e+00   1.2471695e-01   2.5736001e+00   1.0304049e+00   3.8293366e-01  -1.1201348e+00  -7.0868828e-01   1.2170530e+00   4.9010018e-01   5.2283114e-01   3.0723640e-01
   2.0000000e+00   2.6180294e-01   6.9296822e-01   5.6404645e-01  -3.8564809e-01   2.4612416e-02   1.2495052e+00  -2.1949205e-01  -6.1039875e-03   1.1573113e+00  -3.5843287e-01
   2.0000000e+00   1.4961680e+00   8.4377646e-01   8.3575309e-02   7.9508954e-01  -1.8978867e-01   1.5522157e-01  -3.2751310e-01  -4.7636032e-02   7.7225116e-01   1.3326141e-01
   2.0000000e+00   9.2849794e-02   1.3168806e+00  -7.5052109e-01  -5.5260147e-01   1.3367388e+00  -4.0468918e-01  -4.1851252e-01   7.1339296e-01  -7.7609454e-01   7.4631223e-01
   2.0000000e+00  -3.7863795e-01   1.9142728e-01   1.1026194e-01  -1.0025593e+00  -1.3494767e+00   4.1036676e-01  -3.0576872e-02  -2.1403567e+00  -3.0641937e-01  -1.1520416e+00
   2.0000000e+00  -4.1555796e-01  -3.4033149e-02   1.7424810e+00  -6.5762798e-01  -1.4720113e+00  -1.0653292e+00   3.4877464e-01  -1.7742876e+00   1.4292886e+00   8.3478078e-01
   2.0000000e+00   3.5825786e-04  -3.9958262e-01  -1.4730920e+00   1.1394893e+00   1.4165904e+00   1.5274346e+00  -5.5855861e-01   2.7160958e-02   2.2213209e+00   2.5963246e-01
   2.0000000e+00  -3.1971037e-01  -1.1986997e+00  -8.3137447e-01   4.7284314e-01  -1.0117269e+00  -4.7305092e-01  -2.3395077e-01   5.0002788e-01  -1.7434780e+00   1.9620089e-01
   2.0000000e+00  -1.7356871e-01   6.6546435e-01  -8.9919751e-01   6.3812595e-01  -4.8878761e-01   1.7586078e-02  -4.9053857e-01  -8.0487718e-01  -1.9070498e+00   9.6549394e-02
   2.0000000e+00   1.0516516e+00   1.6838622e+00  -9.2919455e-01  -1.0470453e+00  -6.3253583e-01   8.6069295e-01   1.3981576e+00  -8.2466057e-01  -1.7463602e+00  -4.9313807e-01
   2.0000000e+00  -7.7852792e-01   9.6178843e-01  -6.7317449e-01  -1.4171753e+00  -1.0197412e+00  -5.2333180e-01   1.3033597e+00  -6.6084245e-01   2.9588978e+00   2.2224393e+00
   1.0000000e+00   1.3057838e+00   1.3627647e+00   1.4857868e+00   6.1925303e-01   1.1273644e+00  -1.1774473e+00   6.9930925e-01  -2.3822571e+00   4.6372341e-01  -5.8260518e-01
   2.0000000e+00   1.8865330e+00  -1.9997703e-01  -2.9332681e-01   4.4704672e-02   6.9785780e-01   1.8264619e+00  -1.4883008e-01   8.9673486e-02   1.2759247e+00  -6.8156833e-01
   2.0000000e+00   4.6902614e-01   4.9544612e-01  -1.0584539e+00   1.1506218e-01   3.6450186e-01   9.2517021e-01  -3.1517937e-01   1.8082593e+00   2.6714566e+00   9.9583018e-01
   2.0000000e+00  -4.7978218e-01   2.7045766e-01  -3.5431926e-01   4.6928246e-01  -4.9098679e-01   1.7076780e+00  -6.2683939e-01  -7.5092067e-01  -1.6828244e+00  -3.7381595e-01
   2.0000000e+00   5.7604416e-02   7.2397806e-01  -1.3791290e-01  -1.9645811e+00   6.8038716e-01  -1.3309807e+00  -1.4376593e-01   1.3184460e+00  -1.8884385e-01  -4.4126586e-01
   2.0000000e+00   1.1902611e+00  -6.5093289e-02  -2.3322428e-01  -1.5802918e+00   1.0358681e+00   1.2527104e+00  -9.4795530e-01  -1.1828417e+00  -1.2177311e+00   5.9402897e-01
   1.0000000e+00   4.4251602e-01  -3.8082570e-01   8.6460947e-01   3.6317279e-01  -2.1327632e+00   1.3897761e+00   4.2955314e-04  -3.5754028e-01   5.6987594e-01  -3.2340269e-01
